0.0	0.06120871905481362
0.01	0.06609041016117506
0.02	0.07114565931808792
0.03	0.07637244449329195
0.04	0.08176867504240654
0.05	0.08733219254516084
0.06	0.09306077166873306
0.07	0.09895212105785367
0.08	0.10500388425131746
0.09	0.11121364062453604
0.1	0.11757890635775575
0.11	0.12409713542955253
0.12	0.13076572063520603
0.13	0.1375819946295474
0.14	0.14454323099386135
0.15	0.1516466453264173
0.16	0.15888939635619326
0.17	0.166268587079346
0.18	0.17378126591797405
0.19	0.1814244279007099
0.2	0.1891950158646678
0.21	0.19708992167826855
0.22	0.20510598748445086
0.23	0.21324000696377166
0.24	0.22148872661689134
0.25	0.22984884706593012
0.26	0.23831702437417523
0.27	0.2468898713836108
0.28	0.2555639590697363
0.29	0.26433581791313
0.3	0.27320193928721137
0.31	0.2821587768616439
0.32	0.291202748020821
0.33	0.3003302352968635
0.34	0.30953758781655916
0.35	0.3188211227616632
0.36	0.3281771268419765
0.37	0.3376018577806119
0.38	0.34709154581085533
0.39	0.35664239518402224
0.4	0.3662505856877063
0.41	0.37591227417381345
0.42	0.3856235960957702
0.43	0.39538066705429026
0.44	0.40517958435108276
0.45	0.41501642854987947
0.46	0.4248872650441571
0.47	0.4347881456309272
0.48	0.4447151100899652
0.49	0.4546641877678452
0.5	0.46463139916614854
0.51	0.4746127575332104
0.52	0.4846042704587669
0.53	0.4946019414708663
0.54	0.5046017716344041
0.55	0.5145997611506444
0.56	0.5245919109570852
0.57	0.534574224327031
0.58	0.5445427084682295
0.59	0.5544933761199355
0.6	0.5644222471477623
0.61	0.5743253501356819
0.62	0.5841987239745385
0.63	0.5940384194464401
0.64	0.6038405008043919
0.65	0.6136010473465435
0.66	0.6233161549844171
0.67	0.6329819378044902
0.68	0.6425945296225104
0.69	0.6521500855299166
0.7	0.6616447834317517
0.71	0.6710748255754491
0.72	0.6804364400698836
0.73	0.6897258823940773
0.74	0.698939436894958
0.75	0.7080734182735712
0.76	0.7171241730591502
0.77	0.726088081070456
0.78	0.734961556863801
0.79	0.7437410511671797
0.8	0.7524230522999288
0.81	0.7610040875773536
0.82	0.7694807246997556
0.83	0.7778495731253063
0.84	0.7861072854262182
0.85	0.7942505586276729
0.86	0.8022761355289647
0.87	0.8101808060063399
0.88	0.8179614082970013
0.89	0.8256148302637729
0.9	0.833138010639912
0.91	0.8405279402535764
0.92	0.847781663231451
0.93	0.8548962781810604
0.94	0.8618689393512843
0.95	0.8686968577706227
0.96	0.8753773023627455
0.97	0.8819076010388871
0.98	0.8882851417666465
0.99	0.8945073736147655
1.0	0.9005718077734668
1.01	0.906476018549945
1.02	0.9122176443386112
1.03	0.9177943885657038
1.04	0.9232040206078878
1.05	0.9284443766844737
1.06	0.9335133607229011
1.07	0.9384089451971407
1.08	0.9431291719386761
1.09	0.947672152919746
1.1	0.9520360710085306
1.11	0.956219180695979
1.12	0.9602198087939904
1.13	0.9640363551046662
1.14	0.9676672930603694
1.15	0.971111170334329
1.16	0.9743666094215535
1.17	0.9774323081898132
1.18	0.9803070404004761
1.19	0.9829896561989874
1.2	0.9854790825747952
1.21	0.9877743237905413
1.22	0.9898744617803421
1.23	0.9917786565170033
1.24	0.9934861463480188
1.25	0.9949962483002227
1.26	0.9963083583529686
1.27	0.9974219516797298
1.28	0.9983365828580233
1.29	0.9990518860475728
1.3	0.9995675751366397
1.31	0.9998834438564641
1.32	0.9999993658637698
1.33	0.9999152947912991
1.34	0.9996312642663605
1.35	0.9991473878973766
1.36	0.9984638592284434
1.37	0.9975809516619152
1.38	0.9964990183490463
1.39	0.9952184920487366
1.4	0.9937398849544324
1.41	0.9920637884892572
1.42	0.9901908730694494
1.43	0.988121887836205
1.44	0.9858576603560311
1.45	0.9833990962897305
1.46	0.9807471790301494
1.47	0.9779029693088332
1.48	0.9748676047717482
1.49	0.971642299524238
1.5	0.9682283436453982
1.51	0.9646271026720616
1.52	0.9608400170526017
1.53	0.9568686015707724
1.54	0.9527144447398148
1.55	0.9483792081670734
1.56	0.943864625889375
1.57	0.9391725036794369
1.58	0.9343047183235824
1.59	0.9292632168710508
1.6	0.9240500158552041
1.61	0.9186672004869401
1.62	0.913116923820636
1.63	0.9074014058929563
1.64	0.9015229328348655
1.65	0.8954838559572085
1.66	0.8892865908102163
1.67	0.8829336162173187
1.68	0.8764274732836477
1.69	0.8697707643796293
1.7	0.8629661521000701
1.71	0.8560163581991551
1.72	0.8489241625017818
1.73	0.8416924017916682
1.74	0.8343239686766757
1.75	0.8268218104318059
1.76	0.8191889278203297
1.77	0.8114283738935207
1.78	0.8035432527694772
1.79	0.7955367183915156
1.8	0.7874119732666346
1.81	0.779172267184555
1.82	0.7708208959178489
1.83	0.7623611999036732
1.84	0.7537965629076386
1.85	0.7451304106703497
1.86	0.7363662095371546
1.87	0.7275074650716523
1.88	0.7185577206535139
1.89	0.7095205560611781
1.9	0.7003995860399878
1.91	0.6911984588563401
1.92	0.6819208548384292
1.93	0.6725704849041619
1.94	0.6631510890768417
1.95	0.6536664349892096
1.96	0.6441203163764408
1.97	0.6345165515586999
1.98	0.6248589819138652
1.99	0.6151514703410293
2.0	0.6053978997153898
2.01	0.5956021713351508
2.02	0.5857682033610558
2.03	0.5758999292491778
2.04	0.5660012961775851
2.05	0.5560762634675275
2.06	0.5461288009997558
2.07	0.5361628876266272
2.08	0.526182509580613
2.09	0.5161916588798624
2.1	0.5061943317314452
2.11	0.49619452693292604
2.12	0.48619624427289426
2.13	0.4762034829311061
2.14	0.4662202398788624
2.15	0.4562505082802768
2.16	0.4462982758950599
2.17	0.4363675234834719
2.18	0.42646222321406846
2.19	0.4165863370748891
2.2	0.4067438152887121
2.21	0.39693859473302084
2.22	0.38717459736530213
2.23	0.37745572865431914
2.24	0.3677858760179721
2.25	0.3581689072683869
2.26	0.34860866906483823
2.27	0.3391089853751391
2.28	0.32967365594610537
2.29	0.3203064547837051
2.3	0.3110111286435099
2.31	0.30179139553203876
2.32	0.2926509432196091
2.33	0.28359342776527396
2.34	0.2746224720544506
2.35	0.26574166434981145
2.36	0.2569545568560299
2.37	0.2482646642989429
2.38	0.23967546251971028
2.39	0.23119038708452183
2.4	0.22281283191041962
2.41	0.2145461479077732
2.42	0.20639364163996343
2.43	0.19835857400079804
2.44	0.19044415891020067
2.45	0.18265356202868266
2.46	0.17498989949112415
2.47	0.16745623666035858
2.48	0.16005558690107147
2.49	0.15279091037449188
2.5	0.14566511285437
2.51	0.1386810445647042
2.52	0.1318414990396904
2.53	0.12514921200634643
2.54	0.11860686029025574
2.55	0.1122170607448752
2.56	0.10598236920482618
2.57	0.09990527946359717
2.58	0.09398822227605724
2.59	0.08823356438618901
2.6	0.08264360758042011
2.61	0.07722058776694157
2.62	0.07196667408137236
2.63	0.06688396801913588
2.64	0.061974502594888126
2.65	0.05724024152934054
2.66	0.05268307846379627
2.67	0.04830483620272058
2.68	0.04410726598464171
2.69	0.040092046781680435
2.7	0.036260784627982046
2.71	0.032615011977325525
2.72	0.029156187090161212
2.73	0.025885693450327096
2.74	0.022804839211672978
2.75	0.019914856674817016
2.76	0.01721690179424118
2.77	0.014712053715925377
2.78	0.012401314345703685
2.79	0.010285607948514464
2.8	0.008365780778707754
2.81	0.006642600741553928
2.82	0.00511675708609266
2.83	0.0037888601294415736
2.84	0.0026594410126785095
2.85	0.0017289514883912505
2.86	0.0009977637399832817
2.87	0.00046617023280487446
2.88	0.00013438359717110604
2.89	2.536543312392503e-6
2.9	7.068180829244985e-5
2.91	0.000338792134913779
2.92	0.0008067602826205555
2.93	0.0014743990703931509
2.94	0.0023414414516182425
2.95	0.003407540620903704
2.96	0.004672270152796254
2.97	0.006135124172346074
2.98	0.0077955175574496716
2.99	0.009652786172891392
3.0	0.011706187135988255
3.01	0.013954899113733321
3.02	0.016398022651318067
3.03	0.019034580531901768
3.04	0.021863518167486107
3.05	0.024883704020735198
3.06	0.028093930057576655
3.07	0.03149291223039796
3.08	0.0350792909916493
3.09	0.03885163183764373
3.1	0.042808425882340295
3.11	0.046948090460877445
3.12	0.0512689697626188
3.13	0.05576933549345425
3.14	0.060447387567096
3.15	0.06530125482508736
3.16	0.07032899578524293
3.17	0.07552859941821377
3.18	0.08089798595187442
3.19	0.08643500770320167
3.2	0.09213744993732159
3.21	0.09800303175337144
3.22	0.10402940699683211
3.23	0.11021416519795624
3.24	0.1165548325359263
3.25	0.1230488728283477
3.26	0.1296936885456897
3.27	0.13648662185026206
3.28	0.14342495565931357
3.29	0.15050591473183117
3.3	0.1577266667785967
3.31	0.16508432359506753
3.32	0.1725759422166172
3.33	0.18019852609568465
3.34	0.18794902630035065
3.35	0.19582434273387272
3.36	0.20382132537467956
3.37	0.2119367755363405
3.38	0.22016744714699477
3.39	0.22851004804773967
3.4	0.23696124130944735
3.41	0.24551764656749492
3.42	0.2541758413738623
3.43	0.2629323625660688
3.44	0.27178370765238874
3.45	0.28072633621280485
3.46	0.2897566713151255
3.47	0.29887110094571356
3.48	0.30806597945424
3.49	0.31733762901189905
3.5	0.32668234108248706
3.51	0.33609637790577085
3.52	0.3455759739925402
3.53	0.35511733763075254
3.54	0.36471665240216994
3.55	0.3743700787088722
3.56	0.3840737553090479
3.57	0.39382380086143703
3.58	0.4036163154778182
3.59	0.4134473822829091
3.6	0.4233130689810678
3.61	0.43320942942915486
3.62	0.44313250521494163
3.63	0.45307832724041885
3.64	0.46304291730938635
3.65	0.4730222897186751
3.66	0.48301245285237887
3.67	0.4930094107784436
3.68	0.5030091648469908
3.69	0.5130077152897204
3.7	0.5230010628197684
3.71	0.5329852102313649
3.72	0.5429561639986662
3.73	0.5529099358731089
3.74	0.562842544478659
3.75	0.5727500169043067
3.76	0.58262839029318
3.77	0.5924737134276332
3.78	0.6022820483096818
3.79	0.6120494717361499
3.8	0.6217720768678956
3.81	0.631445974792501
3.82	0.6410672960797783
3.83	0.6506321923294958
3.84	0.660136837710684
3.85	0.6695774304919173
3.86	0.678950194561956
3.87	0.6882513809401416
3.88	0.6974772692759353
3.89	0.7066241693370146
3.9	0.7156884224853104
3.91	0.7246664031404194
3.92	0.7335545202297844
3.93	0.7423492186250761
3.94	0.7510469805641977
3.95	0.7596443270583428
3.96	0.768137819283542
3.97	0.7765240599561518
3.98	0.7847996946917166
3.99	0.7929614133466836
4.0	0.8010059513424118
