0.0	0.009966711079379187
0.01	0.012051275334697242
0.02	0.014331012573985225
0.03	0.01680501093274339
0.04	0.019472280844614553
0.05	0.02233175543719701
0.06	0.025382290958779585
0.07	0.028622667235826904
0.08	0.032051588161032596
0.09	0.03566768221174488
0.1	0.03946950299855745
0.11	0.043455529843845875
0.12	0.04762416839001832
0.13	0.05197375123723735
0.14	0.05650253861035792
0.15	0.06120871905481362
0.16	0.06609041016117506
0.17	0.07114565931808792
0.18	0.07637244449329195
0.19	0.08176867504240654
0.2	0.08733219254516089
0.21	0.09306077166873306
0.22	0.09895212105785367
0.23	0.10500388425131746
0.24	0.11121364062453604
0.25	0.11757890635775575
0.26	0.12409713542955253
0.27	0.13076572063520603
0.28	0.1375819946295474
0.29	0.14454323099386135
0.3	0.1516466453264173
0.31	0.15888939635619326
0.32	0.166268587079346
0.33	0.1737812659179741
0.34	0.18142442790070995
0.35	0.18919501586466775
0.36	0.19708992167826855
0.37	0.20510598748445086
0.38	0.21324000696377166
0.39	0.22148872661689134
0.4	0.22984884706593012
0.41	0.23831702437417523
0.42	0.2468898713836108
0.43	0.2555639590697363
0.44	0.26433581791313
0.45	0.27320193928721137
0.46	0.2821587768616439
0.47	0.2912027480208209
0.48	0.3003302352968634
0.49	0.30953758781655905
0.5	0.3188211227616632
0.51	0.3281771268419765
0.52	0.3376018577806119
0.53	0.34709154581085533
0.54	0.35664239518402224
0.55	0.3662505856877063
0.56	0.37591227417381357
0.57	0.3856235960957702
0.58	0.39538066705429026
0.59	0.40517958435108276
0.6	0.41501642854987947
0.61	0.4248872650441571
0.62	0.4347881456309272
0.63	0.4447151100899652
0.64	0.4546641877678452
0.65	0.46463139916614854
0.66	0.4746127575332104
0.67	0.4846042704587669
0.68	0.4946019414708663
0.69	0.504601771634404
0.7	0.5145997611506443
0.71	0.5245919109570851
0.72	0.534574224327031
0.73	0.5445427084682295
0.74	0.5544933761199355
0.75	0.5644222471477623
0.76	0.5743253501356819
0.77	0.5841987239745385
0.78	0.5940384194464401
0.79	0.6038405008043919
0.8	0.6136010473465435
0.81	0.6233161549844171
0.82	0.6329819378044901
0.83	0.6425945296225103
0.84	0.6521500855299166
0.85	0.6616447834317517
0.86	0.6710748255754491
0.87	0.6804364400698836
0.88	0.6897258823940773
0.89	0.698939436894958
0.9	0.7080734182735712
0.91	0.7171241730591502
0.92	0.726088081070456
0.93	0.734961556863801
0.94	0.7437410511671797
0.95	0.7524230522999288
0.96	0.7610040875773536
0.97	0.7694807246997557
0.98	0.7778495731253063
0.99	0.7861072854262184
1.0	0.7942505586276729
1.01	0.8022761355289648
1.02	0.8101808060063399
1.03	0.8179614082970014
1.04	0.8256148302637729
1.05	0.8331380106399122
1.06	0.8405279402535764
1.07	0.8477816632314512
1.08	0.8548962781810604
1.09	0.8618689393512844
1.1	0.8686968577706229
1.11	0.8753773023627456
1.12	0.8819076010388871
1.13	0.8882851417666465
1.14	0.8945073736147655
1.15	0.9005718077734668
1.16	0.906476018549945
1.17	0.9122176443386112
1.18	0.9177943885657038
1.19	0.9232040206078878
1.2	0.9284443766844737
1.21	0.9335133607229011
1.22	0.9384089451971407
1.23	0.9431291719386761
1.24	0.947672152919746
1.25	0.9520360710085306
1.26	0.956219180695979
1.27	0.9602198087939904
1.28	0.9640363551046665
1.29	0.9676672930603694
1.3	0.9711111703343291
1.31	0.9743666094215535
1.32	0.9774323081898133
1.33	0.9803070404004761
1.34	0.9829896561989875
1.35	0.9854790825747953
1.36	0.9877743237905414
1.37	0.9898744617803421
1.38	0.9917786565170033
1.39	0.9934861463480188
1.4	0.9949962483002227
1.41	0.9963083583529686
1.42	0.9974219516797298
1.43	0.9983365828580233
1.44	0.9990518860475728
1.45	0.9995675751366397
1.46	0.9998834438564641
1.47	0.9999993658637698
1.48	0.9999152947912991
1.49	0.9996312642663605
1.5	0.9991473878973766
1.51	0.9984638592284434
1.52	0.9975809516619152
1.53	0.9964990183490463
1.54	0.9952184920487366
1.55	0.9937398849544324
1.56	0.9920637884892572
1.57	0.9901908730694493
1.58	0.9881218878362049
1.59	0.985857660356031
1.6	0.9833990962897304
1.61	0.9807471790301494
1.62	0.9779029693088331
1.63	0.9748676047717482
1.64	0.971642299524238
1.65	0.9682283436453982
1.66	0.9646271026720616
1.67	0.9608400170526017
1.68	0.9568686015707724
1.69	0.9527144447398148
1.7	0.9483792081670734
1.71	0.943864625889375
1.72	0.9391725036794369
1.73	0.9343047183235824
1.74	0.9292632168710508
1.75	0.9240500158552041
1.76	0.9186672004869401
1.77	0.913116923820636
1.78	0.9074014058929561
1.79	0.9015229328348653
1.8	0.8954838559572083
1.81	0.8892865908102161
1.82	0.8829336162173185
1.83	0.8764274732836475
1.84	0.8697707643796291
1.85	0.86296615210007
1.86	0.8560163581991549
1.87	0.8489241625017817
1.88	0.8416924017916682
1.89	0.8343239686766757
1.9	0.8268218104318059
1.91	0.8191889278203297
1.92	0.8114283738935207
1.93	0.8035432527694776
1.94	0.7955367183915156
1.95	0.7874119732666346
1.96	0.779172267184555
1.97	0.7708208959178493
1.98	0.7623611999036732
1.99	0.7537965629076386
2.0	0.7451304106703497
2.01	0.7363662095371549
2.02	0.7275074650716523
2.03	0.7185577206535139
2.04	0.7095205560611778
2.05	0.7003995860399878
2.06	0.6911984588563401
2.07	0.6819208548384292
2.08	0.6725704849041616
2.09	0.6631510890768417
2.1	0.6536664349892096
2.11	0.6441203163764408
2.12	0.6345165515586995
2.13	0.6248589819138652
2.14	0.6151514703410293
2.15	0.6053978997153898
2.16	0.5956021713351504
2.17	0.5857682033610558
2.18	0.5758999292491773
2.19	0.5660012961775851
2.2	0.556076263467527
2.21	0.5461288009997558
2.22	0.5361628876266268
2.23	0.526182509580613
2.24	0.516191658879862
2.25	0.5061943317314452
2.26	0.49619452693292604
2.27	0.48619624427289426
2.28	0.4762034829311061
2.29	0.4662202398788624
2.3	0.4562505082802768
2.31	0.4462982758950599
2.32	0.4363675234834719
2.33	0.42646222321406846
2.34	0.4165863370748891
2.35	0.4067438152887121
2.36	0.39693859473302084
2.37	0.38717459736530213
2.38	0.37745572865431914
2.39	0.3677858760179721
2.4	0.3581689072683869
2.41	0.3486086690648378
2.42	0.3391089853751391
2.43	0.329673655946105
2.44	0.3203064547837051
2.45	0.31101112864350944
2.46	0.30179139553203876
2.47	0.2926509432196087
2.48	0.28359342776527396
2.49	0.27462247205445023
2.5	0.26574166434981145
2.51	0.2569545568560299
2.52	0.2482646642989429
2.53	0.23967546251971028
2.54	0.23119038708452183
2.55	0.22281283191041962
2.56	0.2145461479077732
2.57	0.20639364163996343
2.58	0.19835857400079804
2.59	0.19044415891020067
2.6	0.18265356202868266
2.61	0.17498989949112415
2.62	0.16745623666035858
2.63	0.16005558690107147
2.64	0.15279091037449188
2.65	0.14566511285437
2.66	0.13868104456470387
2.67	0.1318414990396904
2.68	0.1251492120063461
2.69	0.11860686029025574
2.7	0.11221706074487492
2.71	0.10598236920482618
2.72	0.0999052794635969
2.73	0.09398822227605724
2.74	0.08823356438618879
2.75	0.08264360758042011
2.76	0.07722058776694157
2.77	0.07196667408137236
2.78	0.06688396801913588
2.79	0.061974502594888126
2.8	0.05724024152934054
2.81	0.05268307846379627
2.82	0.04830483620272058
2.83	0.04410726598464171
2.84	0.040092046781680435
2.85	0.036260784627982046
2.86	0.032615011977325525
2.87	0.029156187090161212
2.88	0.025885693450327096
2.89	0.022804839211672978
2.9	0.019914856674817016
2.91	0.01721690179424107
2.92	0.014712053715925377
2.93	0.012401314345703573
2.94	0.010285607948514464
2.95	0.008365780778707643
2.96	0.006642600741553928
2.97	0.005116757086092605
2.98	0.0037888601294415736
2.99	0.002659441012678454
3.0	0.0017289514883912505
3.01	0.0009977637399832817
3.02	0.00046617023280487446
3.03	0.00013438359717110604
3.04	2.536543312392503e-6
3.05	7.068180829244985e-5
3.06	0.000338792134913779
3.07	0.0008067602826205555
3.08	0.0014743990703931509
3.09	0.0023414414516182425
3.1	0.003407540620903704
3.11	0.004672270152796254
3.12	0.006135124172346074
3.13	0.0077955175574496716
3.14	0.009652786172891392
3.15	0.011706187135988255
3.16	0.013954899113733432
3.17	0.016398022651318067
3.18	0.01903458053190188
3.19	0.021863518167486107
3.2	0.024883704020735364
3.21	0.028093930057576655
3.22	0.031492912230398074
3.23	0.0350792909916493
3.24	0.038851631837643896
3.25	0.042808425882340295
3.26	0.046948090460877445
3.27	0.0512689697626188
3.28	0.05576933549345425
3.29	0.060447387567096
3.3	0.06530125482508736
3.31	0.07032899578524293
3.32	0.07552859941821377
3.33	0.08089798595187442
3.34	0.08643500770320167
3.35	0.09213744993732159
3.36	0.09800303175337144
3.37	0.10402940699683211
3.38	0.11021416519795624
3.39	0.1165548325359263
3.4	0.1230488728283477
3.41	0.12969368854568997
3.42	0.13648662185026206
3.43	0.1434249556593139
3.44	0.15050591473183117
3.45	0.15772666677859704
3.46	0.16508432359506753
3.47	0.17257594221661754
3.48	0.18019852609568465
3.49	0.18794902630035099
3.5	0.19582434273387272
3.51	0.20382132537467956
3.52	0.2119367755363405
3.53	0.22016744714699477
3.54	0.22851004804773967
3.55	0.23696124130944735
3.56	0.24551764656749492
3.57	0.2541758413738623
3.58	0.2629323625660688
3.59	0.27178370765238874
3.6	0.28072633621280485
3.61	0.2897566713151255
3.62	0.29887110094571356
3.63	0.30806597945424
3.64	0.31733762901189905
3.65	0.32668234108248706
3.66	0.33609637790577124
3.67	0.3455759739925402
3.68	0.3551173376307529
3.69	0.36471665240216994
3.7	0.37437007870887257
3.71	0.3840737553090479
3.72	0.3938238008614374
3.73	0.4036163154778182
3.74	0.41344738228290956
3.75	0.4233130689810678
3.76	0.43320942942915486
3.77	0.44313250521494163
3.78	0.45307832724041885
3.79	0.46304291730938635
3.8	0.4730222897186751
3.81	0.48301245285237887
3.82	0.4930094107784436
3.83	0.5030091648469908
3.84	0.5130077152897204
3.85	0.5230010628197684
3.86	0.5329852102313649
3.87	0.5429561639986662
3.88	0.5529099358731089
3.89	0.562842544478659
3.9	0.5727500169043067
3.91	0.58262839029318
3.92	0.5924737134276332
3.93	0.6022820483096827
3.94	0.6120494717361499
3.95	0.6217720768678956
3.96	0.6314459747925002
3.97	0.6410672960797783
3.98	0.6506321923294958
3.99	0.660136837710684
4.0	0.6695774304919173
