0.0	0	0.0
0.0	1	0.0027472929856358595
0.0	2	0.011946790899747173
0.0	3	0.028931240419107964
0.0	4	0.054839651428002005
0.0	5	0.09055374215494098
0.0	6	0.13664365775087192
0.0	7	0.1933253174794862
0.0	8	0.2604312900158024
0.0	9	0.3373965629588607
0.0	10	0.42325998276345794
0.0	11	0.5166815183630316
0.0	12	0.6159748706074886
0.0	13	0.7191543354409368
0.0	14	0.8239942560051332
0.0	15	0.928098890453209
0.0	16	1.028980098528292
0.0	17	1.1241399278807045
0.0	18	1.211154973609354
0.0	19	1.2877593000111387
0.0	20	1.3519227555133941
0.0	21	1.4019216787277629
0.0	22	1.436399279009847
0.0	23	1.4544133676366382
0.0	24	1.4554696002551584
0.0	25	1.4395389484912295
0.0	26	1.407058726525244
0.0	27	1.3589171330144423
0.0	28	1.296421904880362
0.0	29	1.2212542920352256
0.0	30	1.1354101268798877
0.0	31	1.041130257057659
0.0	32	0.9408230149709631
0.0	33	0.8369816970044639
0.0	34	0.7321002074916629
0.0	35	0.628590080120891
0.0	36	0.528702020557359
0.0	37	0.4344549214480506
0.0	38	0.3475749924779774
0.0	39	0.26944723616443195
0.0	40	0.20108100112199642
0.1	0	0.009966711079379187
0.1	1	0.02456121088221377
0.1	2	0.047310882746094525
0.1	3	0.07929713235936801
0.1	4	0.12134095019627734
0.1	5	0.17394923686681596
0.1	6	0.23727278222558523
0.1	7	0.3110777914219023
0.1	8	0.39473231749490795
0.1	9	0.487208370093298
0.1	10	0.5870998469094791
0.1	11	0.6926558032794016
0.1	12	0.8018279612768918
0.1	13	0.9123307870345342
0.1	14	1.0217119568286728
0.1	15	1.12743060900545
0.1	16	1.226940457072769
0.1	17	1.3177746321804644
0.1	18	1.3976290391471138
0.1	19	1.4644410526693836
0.1	20	1.516460547842676
0.1	21	1.5523105451354935
0.1	22	1.5710351432875493
0.1	23	1.5721328987695524
0.1	24	1.5555743683245993
0.1	25	1.5218031396893124
0.1	26	1.4717203108328234
0.1	27	1.4066530148585559
0.1	28	1.32830820093038
0.1	29	1.2387134469921277
0.1	30	1.1401470753304495
0.1	31	1.0350602476572195
0.1	32	0.925994016396361
0.1	33	0.8154944914878874
0.1	34	0.7060293401727259
0.1	35	0.5999087687468712
0.1	36	0.4992139430556407
0.1	37	0.40573549633671696
0.1	38	0.32092436131556057
0.1	39	0.24585666471756748
0.1	40	0.18121385654520775
0.2	0	0.03946950299855745
0.2	1	0.06731939460663149
0.2	2	0.10468242079497345
0.2	3	0.15232584906361402
0.2	4	0.2107006305660986
0.2	5	0.2798999382468169
0.2	6	0.3596312685802341
0.2	7	0.44920346076367074
0.2	8	0.547529397082167
0.2	9	0.653144525123713
0.2	10	0.7642407113932026
0.2	11	0.8787143218186628
0.2	12	0.994226852172444
0.2	13	1.1082759234185549
0.2	14	1.218274033774831
0.2	15	1.3216321378176494
0.2	16	1.4158449161951994
0.2	17	1.4985745158390056
0.2	18	1.5677295834709153
0.2	19	1.6215365831641788
0.2	20	1.6586006752330051
0.2	21	1.6779538275834325
0.2	22	1.6790883163803916
0.2	23	1.6619743313398379
0.2	24	1.6270610101171055
0.2	25	1.575260862092933
0.2	26	1.5079181792561978
0.2	27	1.4267626456841564
0.2	28	1.3338499231022234
0.2	29	1.2314914858429604
0.2	30	1.1221763846842034
0.2	31	1.0084879195608614
0.2	32	0.8930183842457938
0.2	33	0.7782851046810454
0.2	34	0.6666509245586673
0.2	35	0.5602520998795161
0.2	36	0.46093625635367075
0.2	37	0.370212652045899
0.2	38	0.2892164891203075
0.2	39	0.2186884528552202
0.2	40	0.15897004589033814
0.3	0	0.08733219254516084
0.3	1	0.12931721030504797
0.3	2	0.18177418287073266
0.3	3	0.2451059660522898
0.3	4	0.3193562040718992
0.3	5	0.40418192617769544
0.3	6	0.49884107008839085
0.3	7	0.60219569094889
0.3	8	0.712730991393502
0.3	9	0.8285896771908613
0.3	10	0.9476205289479855
0.3	11	1.0674395079882628
0.3	12	1.1855012066639485
0.3	13	1.299178030346002
0.3	14	1.405844177123268
0.3	15	1.502961274774428
0.3	16	1.588162451232864
0.3	17	1.659331658041887
0.3	18	1.714675234661876
0.3	19	1.752782988438312
0.3	20	1.7726764593544395
0.3	21	1.7738425248906866
0.3	22	1.7562510592586678
0.3	23	1.7203559709419525
0.3	24	1.667079578813554
0.3	25	1.597780925005457
0.3	26	1.5142092370103069
0.3	27	1.4184443179698376
0.3	28	1.3128261404208161
0.3	29	1.199876325388525
0.3	30	1.0822144896674213
0.3	31	0.962472627635956
0.3	32	0.8432107529124797
0.3	33	0.7268369574149166
0.3	34	0.6155348538142424
0.3	35	0.5112010597627118
0.3	36	0.41539497102803113
0.3	37	0.32930257227865434
0.3	38	0.2537154686966661
0.3	39	0.18902571145009164
0.3	40	0.13523635969379377
0.4	0	0.1516466453264173
0.4	1	0.20808300071098845
0.4	2	0.2755127636965348
0.4	3	0.3539386328456468
0.4	4	0.442975915880493
0.4	5	0.5418404699951397
0.4	6	0.6493523312658573
0.4	7	0.7639551645549771
0.4	8	0.8837510341874988
0.4	9	1.006549381731019
0.4	10	1.1299285249363962
0.4	11	1.2513074841723835
0.4	12	1.36802551983896
0.4	13	1.4774264432401139
0.4	14	1.5769445571704968
0.4	15	1.6641889994024996
0.4	16	1.7370233058432383
0.4	17	1.7936371788279788
0.4	18	1.832607733320831
0.4	19	1.8529478884854849
0.4	20	1.8541400586810106
0.4	21	1.8361538572898977
0.4	22	1.7994471368649367
0.4	23	1.7449503258388774
0.4	24	1.674034660365913
0.4	25	1.5884655245847306
0.4	26	1.4903426794750747
0.4	27	1.382029657191568
0.4	28	1.2660750047572837
0.4	29	1.1451283623087314
0.4	30	1.0218545449273706
0.4	31	0.8988488563618985
0.4	32	0.7785567954806083
0.4	33	0.6632011249669845
0.4	34	0.5547189643739432
0.4	35	0.4547111585764072
0.4	36	0.3644056744108188
0.4	37	0.2846362128160806
0.4	38	0.2158366136989784
0.4	39	0.15805100039581085
0.4	40	0.11095898512825277
0.5	0	0.22984884706593012
0.5	1	0.30047662232079303
0.5	2	0.3821611018640529
0.5	3	0.4744850344599739
0.5	4	0.5766314381866301
0.5	5	0.6873875579638038
0.5	6	0.8051646430952387
0.5	7	0.9280330418307943
0.5	8	1.053771496042913
0.5	9	1.1799289469084913
0.5	10	1.3038966548645268
0.5	11	1.4229880143895157
0.5	12	1.534523123319968
0.5	13	1.6359149603741956
0.5	14	1.7247539417025066
0.5	15	1.7988876711044501
0.5	16	1.8564928675105972
0.5	17	1.896136740909118
0.5	18	1.9168254828837668
0.5	19	1.9180380248294369
0.5	20	1.8997437765808223
0.5	21	1.8624036685930891
0.5	22	1.8069544578981425
0.5	23	1.734776896712847
0.5	24	1.6476489776207195
0.5	25	1.547686036449082
0.5	26	1.4372699909841538
0.5	27	1.3189704009614698
0.5	28	1.1954603363587908
0.5	29	1.0694302251243832
0.5	30	0.9435029109840163
0.5	31	0.8201530847229656
0.5	32	0.7016340612056271
0.5	33	0.5899145671624662
0.5	34	0.486627793834117
0.5	35	0.3930344704167086
0.5	36	0.3100011488521321
0.5	37	0.23799428045710255
0.5	38	0.17709003454236313
0.5	39	0.1269991836757589
0.5	40	0.08710578450595775
0.6	0	0.3188211227616632
0.6	1	0.40281463300581194
0.6	2	0.4974674646788404
0.6	3	0.6019393662690762
0.6	4	0.7149943470903559
0.6	5	0.8350206869867729
0.6	6	0.9600662603980799
0.6	7	1.0878880555870378
0.6	8	1.216014197676163
0.6	9	1.3418162765905102
0.6	10	1.4625893583803227
0.6	11	1.575636737669144
0.6	12	1.6783562830697554
0.6	13	1.7683251447095496
0.6	14	1.8433796369974922
0.6	15	1.9016872789057615
0.6	16	1.941808261819267
0.6	17	1.9627440102012021
0.6	18	1.963970987440087
0.6	19	1.9454584591379382
0.6	20	1.9076695367320624
0.6	21	1.8515454616596727
0.6	22	1.7784737291594124
0.6	23	1.6902412660790043
0.6	24	1.5889744444841873
0.6	25	1.477068210103363
0.6	26	1.357107012147124
0.6	27	1.2317805228304468
0.6	28	1.103797319216913
0.6	29	0.9757997596857351
0.6	30	0.8502832202298015
0.6	31	0.7295226647955328
0.6	32	0.6155092167593545
0.6	33	0.5098989877919211
0.6	34	0.41397592229007296
0.6	35	0.3286298502084987
0.6	36	0.254350331102587
0.6	37	0.19123624185774382
0.6	38	0.13902043506589343
0.6	39	0.09710819923289032
0.6	40	0.06462770966259224
0.7	0	0.41501642854987947
0.7	1	0.5110171392263014
0.7	2	0.6168349513257412
0.7	3	0.7312204262691268
0.7	4	0.8525485500430862
0.7	5	0.9788541900931805
0.7	6	1.1078817445128377
0.7	7	1.2371472908769128
0.7	8	1.3640110345595826
0.7	9	1.4857574338076636
0.7	10	1.5996800581783936
0.7	11	1.7031680311250126
0.7	12	1.7937908249008814
0.7	13	1.8693782200412243
0.7	14	1.9280924109290711
0.7	15	1.9684895268463165
0.7	16	1.9895682332264564
0.7	17	1.9908035650689493
0.7	18	1.9721647044993738
0.7	19	1.9341160252252931
0.7	20	1.8776013640886833
0.7	21	1.8040121189350307
0.7	22	1.7151403874274227
0.7	23	1.6131189289904106
0.7	24	1.5003502294342734
0.7	25	1.3794273554365402
0.7	26	1.2530495879613086
0.7	27	1.1239360080960124
0.7	28	0.9947402685657206
0.7	29	0.8679697171818057
0.7	30	0.7459118475633515
0.7	31	0.6305707454212784
0.7	32	0.5236157879072012
0.7	33	0.4263443555010911
0.7	34	0.33965975059403297
0.7	35	0.26406490691894713
0.7	36	0.19967184364954746
0.7	37	0.1462261924634376
0.7	38	0.10314553006512805
0.7	39	0.06956970629048596
0.7	40	0.044420890508494175
0.8	0	0.5145997611506444
0.8	1	0.620770448512004
0.8	2	0.7355047567980301
0.8	3	0.8571741865679003
0.8	4	0.9838101950504851
0.8	5	1.1131538794070406
0.8	6	1.2427181585465905
0.8	7	1.3698602530041668
0.8	8	1.4918618398376555
0.8	9	1.6060139388542924
0.8	10	1.7097033806725113
0.8	11	1.8004976245353044
0.8	12	1.8762247379053005
0.8	13	1.9350455191471654
0.8	14	1.975515032527208
0.8	15	1.9966312201074095
0.8	16	1.9978687423874655
0.8	17	1.9791967596068276
0.8	18	1.9410799764192426
0.8	19	1.8844629101384787
0.8	20	1.8107379818083709
0.8	21	1.7216986447934566
0.8	22	1.619479333177111
0.8	23	1.5064845096531807
0.8	24	1.3853095002551343
0.8	25	1.2586561052006446
0.8	26	1.129246159556806
0.8	27	0.9997362772375811
0.8	28	0.8726369448652501
0.8	29	0.7502389411298506
0.8	30	0.6345497502499657
0.8	31	0.5272422273648155
0.8	32	0.4296172756710172
0.8	33	0.3425817298075211
0.8	34	0.2666420299932774
0.8	35	0.20191364109054788
0.8	36	0.148145545239821
0.8	37	0.10475854090610989
0.8	38	0.0708955387926378
0.8	39	0.04548157765941986
0.8	40	0.027290909157032292
0.9	0	0.6136010473465435
0.9	1	0.7276990427682943
0.9	2	0.8487458904357531
0.9	3	0.9747792682123597
0.9	4	1.103546294546181
0.9	5	1.2325656501225861
0.9	6	1.3592000001727222
0.9	7	1.480736094968756
0.9	8	1.5944696053604916
0.9	9	1.697791544365534
0.9	10	1.7882730431935059
0.9	11	1.863745294152044
0.9	12	1.9223716421067816
0.9	13	1.962709094037164
0.9	14	1.9837569115195215
0.9	15	1.9849904381849688
0.9	16	1.9663788741958161
0.9	17	1.9283863205212197
0.9	18	1.8719560532147166
0.9	19	1.7984786268865405
0.9	20	1.7097450219430375
0.9	21	1.6078866176937872
0.9	22	1.4953042707655237
0.9	23	1.3745891858619204
0.9	24	1.2484385677871295
0.9	25	1.1195692280268628
0.9	26	0.9906323789397932
0.9	27	0.8641327815895652
0.9	28	0.7423552223121223
0.9	29	0.6273009860501135
0.9	30	0.520636583686108
0.9	31	0.4236564925690607
0.9	32	0.33726110410420246
0.9	33	0.26195046226936436
0.9	34	0.19783374658741634
0.9	35	0.1446538275622179
0.9	36	0.10182562679036619
0.9	37	0.06848647159461042
0.9	38	0.043556166629724884
0.9	39	0.02580413101372703
0.9	40	0.013920683907907119
1.0	0	0.7080734182735712
1.0	1	0.8275400163748657
1.0	2	0.9520437855938363
1.0	3	1.0793471277216362
1.0	4	1.2069833480923922
1.0	5	1.332328931767022
1.0	6	1.4526835059453067
1.0	7	1.5653545468405043
1.0	8	1.6677436833142238
1.0	9	1.757431366830637
1.0	10	1.8322567212375733
1.0	11	1.890389554977175
1.0	12	1.930391806059789
1.0	13	1.9512660852778156
1.0	14	1.9524894701993412
1.0	15	1.9340312623196307
1.0	16	1.8963540303242845
1.0	17	1.8403978996768555
1.0	18	1.7675486875708069
1.0	19	1.6795910975036372
1.0	20	1.5786487551007986
1.0	21	1.467113364001866
1.0	22	1.3475656680739416
1.0	23	1.2226912079564238
1.0	24	1.0951940441865533
1.0	25	0.9677116787940911
1.0	26	0.8427343401223919
1.0	27	0.7225316046018738
1.0	28	0.6090890220567782
1.0	29	0.5040570002584724
1.0	30	0.4087137063488955
1.0	31	0.3239431773966323
1.0	32	0.2502292223203717
1.0	33	0.1876650670766876
1.0	34	0.1359780694987469
1.0	35	0.09456823440554135
1.0	36	0.06255871727880764
1.0	37	0.03885603746925441
1.0	38	0.022217348070146407
1.0	39	0.011321844055397557
1.0	40	0.004843243449615749
1.1	0	0.7942505586276729
1.1	1	0.9163130247804362
1.1	2	1.0412802811676851
1.1	3	1.1667089745200578
1.1	4	1.2899976467787297
1.1	5	1.4084664771224247
1.1	6	1.5194417834934522
1.1	7	1.6203421379722516
1.1	8	1.7087628674405613
1.1	9	1.782555754732261
1.1	10	1.8399009243596194
1.1	11	1.8793681844124268
1.1	12	1.899965491136607
1.1	13	1.9011726895178527
1.1	14	1.8829592427819857
1.1	15	1.8457852740421672
1.1	16	1.790585880321855
1.1	17	1.718739317749282
1.1	18	1.6320202716792402
1.1	19	1.532539992614971
1.1	20	1.422675575742462
1.1	21	1.3049910691066982
1.1	22	1.1821533969755575
1.1	23	1.0568462689739955
1.1	24	0.9316853050183035
1.1	25	0.8091375387760327
1.1	26	0.6914482711929991
1.1	27	0.5805779383526529
1.1	28	0.47815124695758576
1.1	29	0.3854203325495532
1.1	30	0.30324313016469934
1.1	31	0.23207753705989184
1.1	32	0.17199131680126195
1.1	33	0.12268706851470282
1.1	34	0.08354098937591793
1.1	35	0.053653616165446005
1.1	36	0.03191026447347222
1.1	37	0.01704851043437802
1.1	38	0.0077297944713369485
1.1	39	0.002612079863960809
1.1	40	0.00042047668771039566
1.2	0	0.8686968577706227
1.2	1	0.9904789682793026
1.2	2	1.1128977996808158
1.2	3	1.2333819674620212
1.2	4	1.3492796724833371
1.2	5	1.4579429225213922
1.2	6	1.5568133909592412
1.2	7	1.6435066866289527
1.2	8	1.7158918523119078
1.2	9	1.7721630780093587
1.2	10	1.8109009023038456
1.2	11	1.8311205697222699
1.2	12	1.8323056984974349
1.2	13	1.814425972367373
1.2	14	1.7779381800192646
1.2	15	1.723770562428882
1.2	16	1.6532910665584264
1.2	17	1.568260718484096
1.2	18	1.4707738957969663
1.2	19	1.363187775725857
1.2	20	1.2480436423272148
1.2	21	1.1279830372992699
1.2	22	1.0056619227304584
1.2	23	0.8836660832778965
1.2	24	0.7644309277313519
1.2	25	0.6501686585255713
1.2	26	0.5428054703090351
1.2	27	0.4439310275545614
1.2	28	0.35476197290970674
1.2	29	0.2761206524852553
1.2	30	0.2084296341743338
1.2	31	0.15172196474027472
1.2	32	0.10566648594593239
1.2	33	0.06960693433614472
1.2	34	0.04261300712865087
1.2	35	0.02354110955762035
1.2	36	0.01110212547092354
1.2	37	0.003933287775230787
1.2	38	0.0006710788771619267
1.2	39	2.206925247897367e-5
1.2	40	0.0008287053761406538
1.3	0	0.9284443766844737
1.3	1	1.0470810847483345
1.3	2	1.1640411766722591
1.3	3	1.276708064717726
1.3	4	1.3824660379166218
1.3	5	1.4787857982178203
1.3	6	1.56330844028594
1.3	7	1.6339246953556261
1.3	8	1.6888464277982547
1.3	9	1.7266676598868849
1.3	10	1.7464127944347538
1.3	11	1.7475701910502481
1.3	12	1.7301098105619723
1.3	13	1.6944842516940708
1.3	14	1.6416131402703988
1.3	15	1.5728514689921085
1.3	16	1.4899430999999075
1.3	17	1.3949612087713197
1.3	18	1.2902379440880472
1.3	19	1.17828598530184
1.3	20	1.06171497895739
1.3	21	0.943146020226596
1.3	22	0.8251274034657399
1.3	23	0.71005479837015
1.3	24	0.6000988165464218
1.3	25	0.49714262564298267
1.3	26	0.4027318568722584
1.3	27	0.31803855332685466
1.3	28	0.24384034089205794
1.3	29	0.18051539339465705
1.3	30	0.12805313326164658
1.3	31	0.08607998352949088
1.3	32	0.05389889146047728
1.3	33	0.030540801986662192
1.3	34	0.01482579225342788
1.3	35	0.005431205195008866
1.3	36	0.0009638551093130595
1.3	37	3.3232031754344274e-5
1.3	38	0.0013226100032959207
1.3	39	0.003655067770780771
1.3	40	0.006051654725338874
1.4	0	0.971111170334329
1.4	1	1.0838628264222188
1.4	2	1.1926714870936246
1.4	3	1.2949599915129937
1.4	4	1.3882337074143911
1.4	5	1.47016416453119
1.4	6	1.5386679943532064
1.4	7	1.591978167906617
1.4	8	1.6287048096281902
1.4	9	1.647883259116288
1.4	10	1.6490075381090932
1.4	11	1.6320479383355486
1.4	12	1.5974520548844335
1.4	13	1.5461292254032044
1.4	14	1.4794189726716371
1.4	15	1.3990446617344308
1.4	16	1.3070541485986695
1.4	17	1.2057496931849745
1.4	18	1.097609815232978
1.4	19	0.9852060722357849
1.4	20	0.8711179214474419
1.4	21	0.7578488864724279
1.4	22	0.6477471807548699
1.4	23	0.5429337483179396
1.4	24	0.44524037415649215
1.4	25	0.3561601051577229
1.4	26	0.2768117238225455
1.4	27	0.20791945134031795
1.4	28	0.14980844633973378
1.4	29	0.10241603525785949
1.4	30	0.06531798487530982
1.4	31	0.03776853207316441
1.4	32	0.01875234397494155
1.4	33	0.007046114882720255
1.4	34	0.0012871333196968616
1.4	35	4.5887815440685356e-5
1.4	36	0.0018996342347961802
1.4	37	0.005503826119103589
1.4	38	0.009658413359765305
1.4	39	0.013366239232531245
1.4	40	0.01588110222672236
1.5	0	0.9949962483002227
1.5	1	1.0993578213319157
1.5	2	1.1976473308165818
1.5	3	1.2874101011237822
1.5	4	1.3663527421947024
1.5	5	1.4324217387894487
1.5	6	1.4838743899829547
1.5	7	1.5193393799613955
1.5	8	1.5378646543303027
1.5	9	1.5389507611377387
1.5	10	1.5225683735165056
1.5	11	1.4891593192423576
1.5	12	1.4396210775579263
1.5	13	1.3752753402316316
1.5	14	1.2978218468518457
1.5	15	1.2092792695821153
1.5	16	1.1119154177076211
1.5	17	1.0081694377600228
1.5	18	0.9005689848559967
1.5	19	0.791645523362734
1.5	20	0.6838509730164973
1.5	21	0.5794788480206254
1.5	22	0.48059284432166655
1.5	23	0.388965522005875
1.5	24	0.3060293179755736
1.5	25	0.23284162526546962
1.5	26	0.17006510950063095
1.5	27	0.11796382269023169
1.5	28	0.07641504415373154
1.5	29	0.04493615302699943
1.5	30	0.022725241409278292
1.5	31	0.00871363548525811
1.5	32	0.0016280254262285715
1.5	33	5.9532057380057356e-5
1.5	34	0.002536773935436779
1.5	35	0.0075998530284875875
1.5	36	0.013872156286661557
1.5	37	0.020126974714473847
1.5	38	0.025346166771896363
1.5	39	0.028768429876924257
1.5	40	0.029925178827026236
1.6	0	0.9991473878973766
1.6	1	1.0929483329276595
1.6	2	1.1787703366540792
1.6	3	1.2543593838548528
1.6	4	1.3176954672914858
1.6	5	1.3670631924038077
1.6	6	1.4011120752702098
1.6	7	1.4189042107703866
1.6	8	1.4199474722336325
1.6	9	1.4042129608892653
1.6	10	1.372136031147441
1.6	11	1.3246008521028065
1.6	12	1.262909101584008
1.6	13	1.1887340014205308
1.6	14	1.1040614671545943
1.6	15	1.0111206398809516
1.6	16	0.9123064727315102
1.6	17	0.8100973437797067
1.6	18	0.7069708490659374
1.6	19	0.6053209869506251
1.6	20	0.507379875943469
1.6	21	0.4151469554250542
1.6	22	0.330328310073711
1.6	23	0.25428834674218387
1.6	24	0.18801555350771032
1.6	25	0.1321035046055601
1.6	26	0.0867476645611072
1.6	27	0.05175791441947371
1.6	28	0.026586097672933948
1.6	29	0.010367288218364811
1.6	30	0.001972941136368143
1.6	31	7.362080470323276e-5
1.6	32	0.003208628355963766
1.6	33	0.009859586520451024
1.6	34	0.018524894872767036
1.6	35	0.027791948079021103
1.6	36	0.03640411459217971
1.6	37	0.04331969902938161
1.6	38	0.04776044901671604
1.6	39	0.04924760296739077
1.6	40	0.047623991510842886
1.7	0	0.9833990962897305
1.7	1	1.0648898872858177
1.7	2	1.136793070793576
1.7	3	1.197125467506148
1.7	4	1.244201694708223
1.7	5	1.2766941643678429
1.7	6	1.2936805225309818
1.7	7	1.2946766935877325
1.7	8	1.2796542492791878
1.7	9	1.24904142927706
1.7	10	1.2037077737754467
1.7	11	1.14493296370748
1.7	12	1.0743610757978723
1.7	13	0.9939420234830653
1.7	14	0.9058624484721732
1.7	15	0.812468731871408
1.7	16	0.7161850924040871
1.7	17	0.6194299205783844
1.7	18	0.5245335546025038
1.7	19	0.43366063428513085
1.7	20	0.34873997598190887
1.7	21	0.27140460266422745
1.7	22	0.20294415080431127
1.7	23	0.1442713765062273
1.7	24	0.09590391712826499
1.7	25	0.05796185415118225
1.7	26	0.030180992610313033
1.7	27	0.01194114716597435
1.7	28	0.0023081297491968082
1.7	29	8.759238351404978e-5
1.7	30	0.0038884127807899595
1.7	31	0.01219293815167071
1.7	32	0.02343113911321935
1.7	33	0.03605558102635059
1.7	34	0.04861410020334961
1.7	35	0.05981717785721716
1.7	36	0.06859723107741536
1.7	37	0.07415737833426515
1.7	38	0.07600767339348109
1.7	39	0.07398731849858196
1.7	40	0.06827194446830173
1.8	0	0.9483792081670734
1.8	1	1.0163010860905848
1.8	2	1.073389034358008
1.8	3	1.1179900877104239
1.8	4	1.148801389234797
1.8	5	1.1649173826533892
1.8	6	1.1658626887531143
1.8	7	1.1516093875009048
1.8	8	1.122578033545296
1.8	9	1.0796223655944153
1.8	10	1.0239983045158432
1.8	11	0.9573184457918891
1.8	12	0.8814938149899084
1.8	13	0.7986651478779695
1.8	14	0.7111263602262806
1.8	15	0.6212431702434796
1.8	16	0.5313700172621987
1.8	17	0.44376847663324365
1.8	18	0.3605303006817787
1.8	19	0.28350802192145746
1.8	20	0.21425574532613142
1.8	21	0.15398234373749262
1.8	22	0.10351877095957672
1.8	23	0.06330064072268575
1.8	24	0.033366609104609236
1.8	25	0.01337246753844465
1.8	26	0.0026202283524697024
1.8	27	0.00010088979105518758
1.8	28	0.00454902635008134
1.8	29	0.014506884555926794
1.8	30	0.0283952925327007
1.8	31	0.04458842858825442
1.8	32	0.06148935000992697
1.8	33	0.07760316394037
1.8	34	0.09160482826263232
1.8	35	0.10239879751327541
1.8	36	0.10916806777935625
1.8	37	0.11141061166916368
1.8	38	0.10896171220556146
1.8	39	0.10200128208295606
1.8	40	0.09104586897337223
1.9	0	0.8954838559572085
1.9	1	0.9491190115147865
1.9	2	0.9910859461970538
1.9	3	1.0201081223340036
1.9	4	1.0352978599973612
1.9	5	1.0361890348153697
1.9	6	1.0227542676168326
1.9	7	0.9954059345285938
1.9	8	0.954980958070606
1.9	9	0.9027099732775873
1.9	10	0.8401720728019847
1.9	11	0.7692368971334813
1.9	12	0.6919963282206945
1.9	13	0.6106884474038035
1.9	14	0.5276167157300179
1.9	15	0.4450675146921151
1.9	16	0.365229241134058
1.9	17	0.2901160793826363
1.9	18	0.22149937949538642
1.9	19	0.16084926068057637
1.9	20	0.10928864586285042
1.9	21	0.06756143356089364
1.9	22	0.036015946678989136
1.9	23	0.014604187109317948
1.9	24	0.002896794559758744
1.9	25	0.00011298290165037713
1.9	26	0.005164132485516928
1.9	27	0.016709175992161714
1.9	28	0.03321944999966834
1.9	29	0.05305031305939648
1.9	30	0.07451656843232313
1.9	31	0.09596858614062956
1.9	32	0.11586600027726367
1.9	33	0.13284596424270614
1.9	34	0.14578317438797875
1.9	35	0.1538392122455805
1.9	36	0.15649919346737468
1.9	37	0.15359423018038995
1.9	38	0.14530879191800197
1.9	39	0.13217266539557812
1.9	40	0.11503784052331203
2.0	0	0.8268218104318059
2.0	1	0.8660220008664636
2.0	2	0.8931649707132773
2.0	3	0.9073818164520416
2.0	4	0.908216134525513
2.0	5	0.8956411138562939
2.0	6	0.8700605402681014
2.0	7	0.8322936734123054
2.0	8	0.7835445893711365
2.0	9	0.7253571911289108
2.0	10	0.6595576503950846
2.0	11	0.5881865355516198
2.0	12	0.5134232822938192
2.0	13	0.4375059599136896
2.0	14	0.36264946541127846
2.0	15	0.2909653326497179
2.0	16	0.22438627247635753
2.0	17	0.16459836502676561
2.0	18	0.11298351513358451
2.0	19	0.07057436830105591
2.0	20	0.03802338460483038
2.0	21	0.015587201106219398
2.0	22	0.003126802549134104
2.0	23	0.00012338960114220544
2.0	24	0.005709208846556564
2.0	25	0.0187120140505453
2.0	26	0.03771128757942348
2.0	27	0.06110388580893367
2.0	28	0.08717640138180276
2.0	29	0.11418127303031265
2.0	30	0.14041353075364169
2.0	31	0.16428504606664562
2.0	32	0.18439326446451404
2.0	33	0.19958162581404282
2.0	34	0.20898921888902997
2.0	35	0.21208765504837093
2.0	36	0.20870366552229327
2.0	37	0.19902650611600797
2.0	38	0.1835998691625108
2.0	39	0.16329863059508012
2.0	40	0.13929137492346932
2.1	0	0.7451304106703497
2.1	1	0.7703228697323838
2.1	2	0.7835299081917093
2.1	3	0.7843052121516227
2.1	4	0.7726225601842398
2.1	5	0.748876821860188
2.1	6	0.7138689237633943
2.1	7	0.6687753752722408
2.1	8	0.6151035544681905
2.1	9	0.5546345149035853
2.1	10	0.48935556435473676
2.1	11	0.4213852676251163
2.1	12	0.3528938210305541
2.1	13	0.28602192467491744
2.1	14	0.2228013329560111
2.1	15	0.165080191816762
2.1	16	0.11445607599378901
2.1	17	0.07221932874294765
2.1	18	0.03930889266686638
2.1	19	0.01628231986317259
2.1	20	0.003301082627891847
2.1	21	0.0001316950072621726
2.1	22	0.0061625249587735215
2.1	23	0.02043555189801077
2.1	24	0.04169172988247446
2.1	25	0.0684280763058598
2.1	26	0.09896414126908325
2.1	27	0.1315151422565846
2.1	28	0.1642687871158851
2.1	29	0.19546266600453327
2.1	30	0.22345907555879502
2.1	31	0.24681424669410934
2.1	32	0.2643391767988195
2.1	33	0.27514960842408875
2.1	34	0.2787031362297354
2.1	35	0.2748219443206901
2.1	36	0.2637002563840211
2.1	37	0.2458961980043018
2.1	38	0.222308399523831
2.1	39	0.19413828367262054
2.1	40	0.16283956029376345
2.2	0	0.6536664349892096
2.2	1	0.6658368404747911
2.2	2	0.6665515626016388
2.2	3	0.6557849852555206
2.2	4	0.6339228248922608
2.2	5	0.6017471880074314
2.2	6	0.5604062849616059
2.2	7	0.511369998643415
2.2	8	0.4563730658769252
2.2	9	0.3973481189561558
2.2	10	0.33635123474762846
2.2	11	0.27548293353436415
2.2	12	0.21680774747145684
2.2	13	0.1622755321369403
2.2	14	0.11364762208890297
2.2	15	0.07243073550472351
2.2	16	0.03982122171531903
2.2	17	0.016661831188911663
2.2	18	0.003412686799264399
2.2	19	0.00013756800967750017
2.2	20	0.0065060085392954275
2.2	21	0.02181107751951787
2.2	22	0.04500208923521098
2.2	23	0.07473089218788227
2.2	24	0.10940984810322245
2.2	25	0.1472791471535814
2.2	26	0.18648073557244585
2.2	27	0.22513587073611502
2.2	28	0.2614231770617887
2.2	29	0.2936540593424457
2.2	30	0.32034243904177284
2.2	31	0.340266009229955
2.2	32	0.3525165460393264
2.2	33	0.35653725507474054
2.2	34	0.3521456525207102
2.2	35	0.3395410619187484
2.2	36	0.3192964255266787
2.2	37	0.29233475913555107
2.2	38	0.2598911960482878
2.2	39	0.22346214498015132
2.2	40	0.18474360479407706
2.3	0	0.5560762634675275
2.3	1	0.5567294413554539
2.3	2	0.546893491435226
2.3	3	0.5269448316410547
2.3	4	0.4976464494033429
2.3	5	0.4601178065053257
2.3	6	0.41579069499240284
2.3	7	0.3663527991706305
2.3	8	0.3136812072744526
2.3	9	0.25976851554712227
2.3	10	0.20664446136211287
2.3	11	0.15629619891811997
2.3	12	0.11059038392489036
2.3	13	0.0712001604659244
2.3	14	0.039539946807774326
2.3	15	0.0167106051644973
2.3	16	0.0034571657571265766
2.3	17	0.00014077447031521985
2.3	18	0.006725965981691881
2.3	19	0.022783753049259226
2.3	20	0.04751039205668158
2.3	21	0.07976106007547021
2.3	22	0.11809708451607714
2.3	23	0.16084482659225344
2.3	24	0.20616385583221755
2.3	25	0.25212168322795375
2.3	26	0.2967720600492202
2.3	27	0.3382337082403386
2.3	28	0.37476633228077644
2.3	29	0.4048408720525255
2.3	30	0.4272011872336413
2.3	31	0.4409147068059693
2.3	32	0.44541001873419483
2.3	33	0.4404998971276071
2.3	34	0.42638884639869395
2.3	35	0.40366486085689673
2.3	36	0.37327572913040585
2.3	37	0.3364908306228061
2.3	38	0.2948499512378239
2.3	39	0.25010116470413624
2.3	40	0.20413026329239187
2.4	0	0.4562505082802768
2.4	1	0.44735044006895114
2.4	2	0.4293260843869957
2.4	3	0.4029212016542164
2.4	4	0.36922634276325683
2.4	5	0.3296349938570003
2.4	6	0.28578752106697214
2.4	7	0.2395051549686295
2.4	8	0.19271665277305314
2.4	9	0.14738056930685706
2.4	10	0.10540624393967658
2.4	11	0.06857666277004221
2.4	12	0.03847628148718178
2.4	13	0.01642669732543743
2.4	14	0.0034327462657896646
2.4	15	0.00014118655770827747
2.4	16	0.006813628276850707
2.4	17	0.023314800983319173
2.4	18	0.04911664022880239
2.4	19	0.08331804304855878
2.4	20	0.12467951780602743
2.4	21	0.17167135974235928
2.4	22	0.2225334440041209
2.4	23	0.275344264294657
2.4	24	0.32809647610623255
2.4	25	0.3787759434654473
2.4	26	0.42544114763691937
2.4	27	0.4662998008888275
2.4	28	0.49977961884927785
2.4	29	0.5245904367823
2.4	30	0.5397751990562714
2.4	31	0.5447477934651294
2.4	32	0.5393162252693858
2.4	33	0.5236902090034803
2.4	34	0.4984728760117188
2.4	35	0.4646369276258209
2.4	36	0.4234861827020651
2.4	37	0.3766040492384119
2.4	38	0.3257909698417642
2.4	39	0.2729933291924682
2.4	40	0.220226650892519
2.5	0	0.3581689072683869
2.5	1	0.3420604322311777
2.5	2	0.3185363829705543
2.5	3	0.28865852604338516
2.5	4	0.25378220937066254
2.5	5	0.21550068804041836
2.5	6	0.17557957948098243
2.5	7	0.13588408132085766
2.5	8	0.09830187743497279
2.5	9	0.06466483299128697
2.5	10	0.036672630733283404
2.5	11	0.015821426181352592
2.5	12	0.003340401853313107
2.5	13	0.00013878784323272876
2.5	14	0.006765500605697969
2.5	15	0.023383050116385414
2.5	16	0.049756797705759866
2.5	17	0.08526003542071983
2.5	18	0.128894727129872
2.5	19	0.1793271268923038
2.5	20	0.2349368962649648
2.5	21	0.2938778029121871
2.5	22	0.3541476196145437
2.5	23	0.4136644740377678
2.5	24	0.4703466401355778
2.5	25	0.5221926221910231
2.5	26	0.5673583678522054
2.5	27	0.6042285577036115
2.5	28	0.6314791515340447
2.5	29	0.6481287162775978
2.5	30	0.6535765039061315
2.5	31	0.6476257717065854
2.5	32	0.6304914215285116
2.5	33	0.6027916554900788
2.5	34	0.5655239785734233
2.5	35	0.5200264983319259
2.5	36	0.4679260539060025
2.5	37	0.4110752275407455
2.5	38	0.35148073108839956
2.5	39	0.2912260000874
2.5	40	0.23239105541592958
2.6	0	0.26574166434981145
2.6	1	0.24505699819279225
2.6	2	0.21894122296425528
2.6	3	0.18871209710844078
2.6	4	0.15591644251889325
2.6	5	0.12226506365685741
2.6	6	0.0895605130841966
2.6	7	0.05962062343844466
2.6	8	0.03420090040988802
2.6	9	0.014918921982713702
2.6	10	0.0031838140000129142
2.6	11	0.00013367395606513256
2.6	12	0.006583501666606987
2.6	13	0.022985779570895187
2.6	14	0.049405343429081455
2.6	15	0.085509616084386
2.6	16	0.13057466539373183
2.6	17	0.18350691676498943
2.6	18	0.24287972611446643
2.6	19	0.3069834253818264
2.6	20	0.3738869136916136
2.6	21	0.4415084043405071
2.6	22	0.5076925694983068
2.6	23	0.5702910655537907
2.6	24	0.6272432827767518
2.6	25	0.6766541490013934
2.6	26	0.7168659289707829
2.6	27	0.7465211944098468
2.6	28	0.7646144855688438
2.6	29	0.7705306291825242
2.6	30	0.7640682028796418
2.6	31	0.7454472211880862
2.6	32	0.7153007401566915
2.6	33	0.6746507115350301
2.6	34	0.6248690382166612
2.6	35	0.5676253655830581
2.6	36	0.5048236653154408
2.6	37	0.4385301084309867
2.6	38	0.3708950652655562
2.6	39	0.3040722983368706
2.6	40	0.24013852044127357
2.7	0	0.18265356202868266
2.7	1	0.1602073587568676
2.7	2	0.13451114910684797
2.7	3	0.1070664635718245
2.7	4	0.0795306414990428
2.7	5	0.053645130828463346
2.7	6	0.031159630604993323
2.7	7	0.013755164723904211
2.7	8	0.002969225369458509
2.7	9	0.00012604877074905683
2.7	10	0.006274887182948455
2.7	11	0.022138827269837482
2.7	12	0.048076288771700545
2.7	13	0.08405683504609451
2.7	14	0.12965235876037778
2.7	15	0.18404409432828195
2.7	16	0.24604527799157516
2.7	17	0.31413865189289414
2.7	18	0.3865274149735344
2.7	19	0.4611976847390967
2.7	20	0.5359900713733095
2.7	21	0.608677597823672
2.7	22	0.677046941042653
2.7	23	0.7389798309027735
2.7	24	0.7925314300036401
2.7	25	0.8360026302541632
2.7	26	0.8680034363292437
2.7	27	0.8875049526124377
2.7	28	0.8938779353185489
2.7	29	0.8869163974911342
2.7	30	0.8668453406154485
2.7	31	0.8343123094122372
2.7	32	0.7903631012515007
2.7	33	0.7364025833381872
2.7	34	0.6741421546876225
2.7	35	0.6055359127488267
2.7	36	0.5327080256006312
2.7	37	0.4578741524469279
2.7	38	0.3832599841350654
2.7	39	0.3110200825685121
2.7	40	0.24316017898653025
2.8	0	0.1122170607448752
2.8	1	0.0908942012891934
2.8	2	0.0686121220085223
2.8	3	0.04697657919494584
2.8	4	0.027670067148438626
2.8	5	0.012376549734384408
2.8	6	0.0027051909331766008
2.8	7	0.00011621627936038975
2.8	8	0.0058519606402964225
2.8	9	0.020875958528742935
2.8	10	0.04582261894873146
2.8	11	0.0809596101013261
2.8	12	0.1261645766847747
2.8	13	0.1809172440078941
2.8	14	0.2443073513324273
2.8	15	0.3150582261440152
2.8	16	0.3915651865636038
2.8	17	0.4719473657571621
2.8	18	0.5541110136587597
2.8	19	0.6358218690947745
2.8	20	0.7147838279593776
2.8	21	0.7887208751504056
2.8	22	0.8554591098827322
2.8	23	0.9130056813384333
2.8	24	0.9596215649832153
2.8	25	0.9938853448549951
2.8	26	1.0147455144511919
2.8	27	1.0215592547718209
2.8	28	1.0141161749560434
2.8	29	0.9926460878974916
2.8	30	0.9578105169640366
2.8	31	0.9106782657415448
2.8	32	0.8526860053490662
2.8	33	0.7855854186400584
2.8	34	0.71137896432292
2.8	35	0.6322467659473814
2.8	36	0.5504674733111907
2.8	37	0.4683361735973144
2.8	38	0.3880825374013577
2.8	39	0.31179236655000997
2.8	40	0.24133556706089507
2.9	0	0.05724024152934054
2.9	1	0.03988082264768846
2.9	2	0.023871327923282473
2.9	3	0.010838038043314933
2.9	4	0.002402236910932645
2.9	5	0.00010456847230257665
2.9	6	0.005331582785284739
2.9	7	0.019247519939106218
2.9	8	0.04273418066415054
2.9	9	0.0763414178347711
2.9	10	0.12025036603194503
2.9	11	0.17425102345875462
2.9	12	0.23773523178857836
2.9	13	0.3097054876116836
2.9	14	0.3887993884061346
2.9	15	0.47332889153509466
2.9	16	0.5613329715696791
2.9	17	0.6506417229302203
2.9	18	0.7389494929311908
2.9	19	0.8238942632770799
2.9	20	0.9031402405910585
2.9	21	0.9744604790131086
2.9	22	1.0358163458590481
2.9	23	1.0854307553742297
2.9	24	1.121852331317255
2.9	25	1.1440080072004724
2.9	26	1.1512420197533118
2.9	27	1.1433397788937167
2.9	28	1.1205356853006885
2.9	29	1.0835045912944283
2.9	30	1.033337237401603
2.9	31	0.9715006204838706
2.9	32	0.8997848349343162
2.9	33	0.82023845300257
2.9	34	0.7350949530299427
2.9	35	0.6466930477526679
2.9	36	0.5573939953100775
2.9	37	0.46949908411369723
2.9	38	0.3851704650841527
2.9	39	0.30635836175610487
2.9	40	0.2347374261839472
3.0	0	0.019914856674817016
3.0	1	0.009200965256764513
3.0	2	0.0020724411235670654
3.0	3	9.156971088623183e-5
3.0	4	0.0047344994408454145
3.0	5	0.017318432208661017
3.0	6	0.038934100206233106
3.0	7	0.07038637099854768
3.0	8	0.11214550771724563
3.0	9	0.16431119385768067
3.0	10	0.22659092902671907
3.0	11	0.2982938330896396
3.0	12	0.3783402841456843
3.0	13	0.46528718499978405
3.0	14	0.5573680284343631
3.0	15	0.6525463385243436
3.0	16	0.7485805271548314
3.0	17	0.8430977432942312
3.0	18	0.9336739259137861
3.0	19	1.0179170144267264
3.0	20	1.0935501334897586
3.0	21	1.1584915575409866
3.0	22	1.210928375123394
3.0	23	1.249381009427141
3.0	24	1.2727561003008099
3.0	25	1.2803857004823345
3.0	26	1.2720512673088362
3.0	27	1.2479915197820515
3.0	28	1.2088938563012264
3.0	29	1.1558696658720966
3.0	30	1.0904144899226493
3.0	31	1.0143545782916765
3.0	32	0.9297819083006377
3.0	33	0.838980179299662
3.0	34	0.7443446391790717
3.0	35	0.6482988304969876
3.0	36	0.5532114530230999
3.0	37	0.4613165224235647
3.0	38	0.37463986231716184
3.0	39	0.294934704809936
3.0	40	0.22362880341081312
3.1	0	0.0017289514883912505
3.1	1	7.773821470906123e-5
3.1	2	0.00408451443571563
3.1	3	0.01516560197763182
3.1	4	0.03457387479098923
3.1	5	0.0633318785177794
3.1	6	0.10217311686532417
3.1	7	0.15149402484392144
3.1	8	0.2113187312300837
3.1	9	0.28127820923211927
3.1	10	0.36060484526350367
3.1	11	0.4481428436137214
3.1	12	0.5423742540235157
3.1	13	0.6414597848637689
3.1	14	0.7432929716882888
3.1	15	0.8455657330536592
3.1	16	0.9458428841717147
3.1	17	1.0416428126473738
3.1	18	1.1305212639520121
3.1	19	1.210155047729571
3.1	20	1.2784224650987694
3.1	21	1.3334773723767868
3.1	22	1.3738140336669655
3.1	23	1.3983202642430206
3.1	24	1.4063168148688836
3.1	25	1.3975814764341326
3.1	26	1.372356973653355
3.1	27	1.331342342775274
3.1	28	1.2756681265101977
3.1	29	1.2068563444682816
3.1	30	1.126766784586848
3.1	31	1.0375316871006501
3.1	32	0.9414813367941548
3.1	33	0.8410634240468065
3.1	34	0.7387592669726135
3.1	35	0.6370000966896651
3.1	36	0.5380865912124642
3.1	37	0.44411470143993553
3.1	38	0.35691055100146657
3.1	39	0.2779768208645132
3.1	40	0.20845256447617128
3.2	0	0.003407540620903704
3.2	1	0.012874855793681111
3.2	2	0.029827332846237235
3.2	3	0.055459180745936136
3.2	4	0.09073076122974796
3.2	5	0.1363104964991398
3.2	6	0.1925274927306171
3.2	7	0.25933697526641475
3.2	8	0.336300127740412
3.2	9	0.4225793581658698
3.2	10	0.5169494028073064
3.2	11	0.6178240478572997
3.2	12	0.7232976246821687
3.2	13	0.8311998415918486
3.2	14	0.9391619774004676
3.2	15	1.0446920009710796
3.2	16	1.1452558149434275
3.2	17	1.238361565619735
3.2	18	1.3216438248659819
3.2	19	1.392944439440027
3.2	20	1.4503869589552205
3.2	21	1.4924417912826737
3.2	22	1.5179795842990487
3.2	23	1.5263107817373585
3.2	24	1.5172098308068562
3.2	25	1.4909231093013267
3.2	26	1.4481602668078712
3.2	27	1.3900693135893754
3.2	28	1.3181964164927664
3.2	29	1.2344319491051232
3.2	30	1.1409448701222376
3.2	31	1.0401079487221734
3.2	32	0.934416701120512
3.2	33	0.8264051348499941
3.2	34	0.7185615075747784
3.2	35	0.6132472911923817
3.2	36	0.5126223903892994
3.2	37	0.41857940348194195
3.2	38	0.3326893428311463
3.2	39	0.25616076723904285
3.2	40	0.18981373813495434
3.3	0	0.024883704020735198
3.3	1	0.04708213729944666
3.3	2	0.07827461142126524
3.3	3	0.11936592818404734
3.3	4	0.17096636090811082
3.3	5	0.23334485895117107
3.3	6	0.3063950839660832
3.3	7	0.3896158641507919
3.3	8	0.4821070833709669
3.3	9	0.582581409752503
3.3	10	0.6893916375226365
3.3	11	0.8005727916671886
3.3	12	0.9138975522701935
3.3	13	1.026943017881647
3.3	14	1.1371663664135419
3.3	15	1.2419866063540124
3.3	16	1.338869355203996
3.3	17	1.4254114463122305
3.3	18	1.4994221552741709
3.3	19	1.558997953335877
3.3	20	1.6025879333543933
3.3	21	1.6290474045181034
3.3	22	1.6376776014566434
3.3	23	1.6282499838750895
3.3	24	1.6010141935124276
3.3	25	1.5566893627380558
3.3	26	1.4964391086854392
3.3	27	1.4218311732216697
3.3	28	1.3347832575331076
3.3	29	1.2374971274456024
3.3	30	1.1323835110000573
3.3	31	1.0219806557352602
3.3	32	0.9088696460102708
3.3	33	0.7955896914425954
3.3	34	0.6845565819150431
3.3	35	0.5779873634040024
3.3	36	0.47783402788349216
3.3	37	0.385728640297877
3.3	38	0.30294186094150943
3.3	39	0.23035628114703455
3.3	40	0.16845539557516914
3.4	0	0.06530125482508736
3.4	1	0.1013358463656902
3.4	2	0.14749491004824214
3.4	3	0.20433808394101186
3.4	4	0.27208193366497846
3.4	5	0.3505665120525497
3.4	6	0.43923634903912856
3.4	7	0.5371368833160414
3.4	8	0.6429267349212153
3.4	9	0.7549055871109333
3.4	10	0.8710568216843347
3.4	11	0.9891034593246992
3.4	12	1.1065754191475101
3.4	13	1.2208856509978046
3.4	14	1.3294123285765442
3.4	15	1.429584035884972
3.4	16	1.51896474408609
3.4	17	1.5953353662516838
3.4	18	1.6567687941551692
3.4	19	1.70169555983026
3.4	20	1.728957615744944
3.4	21	1.7378481773673211
3.4	22	1.728136102924615
3.4	23	1.7000738763547372
3.4	24	1.6543888875044865
3.4	25	1.5922583437572126
3.4	26	1.5152687742130964
3.4	27	1.4253616765589632
3.4	28	1.3247673846217456
3.4	29	1.215929680502014
3.4	30	1.1014240215915776
3.4	31	0.9838724861073174
3.4	32	0.8658586519322824
3.4	33	0.7498456083095077
3.4	34	0.6381001590707125
3.4	35	0.5326260153763127
3.4	36	0.43510840592712274
3.4	37	0.34687206814931115
3.4	38	0.26885404356188797
3.4	39	0.20159210601821173
3.4	40	0.14522902651452646
3.5	0	0.1230488728283477
3.5	1	0.1734730588194198
3.5	2	0.23472863385819395
3.5	3	0.3069880763119428
3.5	4	0.39004632070317624
3.5	5	0.48330219840844035
3.5	6	0.5857553259161438
3.5	7	0.6960188352575405
3.5	8	0.8123477103796054
3.5	9	0.932681869090267
3.5	10	1.054702537677513
3.5	11	1.1758999280532487
3.5	12	1.2936497667918878
3.5	13	1.4052958601793495
3.5	14	1.5082356240452524
3.5	15	1.6000053720464789
3.5	16	1.6783621467588417
3.5	17	1.741358994976044
3.5	18	1.7874108275528247
3.5	19	1.8153483556605836
3.5	20	1.8244580456725525
3.5	21	1.8145065663575195
3.5	22	1.785748793707743
3.5	23	1.7389190672365364
3.5	24	1.675206032167157
3.5	25	1.5962120293299735
3.5	26	1.5038985840466998
3.5	27	1.4005200735743446
3.5	28	1.2885480990047422
3.5	29	1.1705894343239842
3.5	30	1.0493006590411968
3.5	31	0.9273026923041283
3.5	32	0.8070984314913952
3.5	33	0.690996557691446
3.5	34	0.58104431001887
3.5	35	0.478971660909166
3.5	36	0.3861488602390954
3.5	37	0.3035587759488037
3.5	38	0.23178486440087942
3.5	39	0.17101497874435667
3.5	40	0.12106059299242856
3.6	0	0.19582434273387272
3.6	1	0.260617891642243
3.6	2	0.33649804956475216
3.6	3	0.4232235740317939
3.6	4	0.5201566541696407
3.6	5	0.6262601650755144
3.6	6	0.7401107653564107
3.6	7	0.859927597932374
3.6	8	0.9836157300934157
3.6	9	1.1088228763334862
3.6	10	1.233007410333092
3.6	11	1.3535152121149772
3.6	12	1.4676625313099894
3.6	13	1.5728217923262786
3.6	14	1.666507132338867
3.6	15	1.7464564539614003
3.6	16	1.8107068917852822
3.6	17	1.8576608312122804
3.6	18	1.8861399698603472
3.6	19	1.8954253625092274
3.6	20	1.88528192236504
3.6	21	1.8559664434291958
3.6	22	1.8082188376318638
3.6	23	1.7432369213431183
3.6	24	1.662635713635036
3.6	25	1.5683927984891286
3.6	26	1.4627818317874743
3.6	27	1.3482967205865992
3.6	28	1.2275693493030826
3.6	29	1.1032839614472112
3.6	30	0.978091417329016
3.6	31	0.854526533488318
3.6	32	0.7349315692479886
3.6	33	0.6213886655276343
3.6	34	0.5156636714110698
3.6	35	0.4191633297990605
3.6	36	0.3329072534052102
3.6	37	0.25751552797339095
3.6	38	0.19321215465307423
3.6	39	0.1398439128981736
3.6	40	0.09691361418549893
3.7	0	0.28072633621280485
3.7	1	0.35929615535093623
3.7	2	0.44874593171565874
3.7	3	0.5484106346087989
3.7	4	0.6572258456559644
3.7	5	0.7737411290527065
3.7	6	0.8961490030862027
3.7	7	1.0223286462167072
3.7	8	1.1499028785841474
3.7	9	1.2763064227268972
3.7	10	1.3988629870518585
3.7	11	1.5148683506317813
3.7	12	1.621676372909508
3.7	13	1.716784717182546
3.7	14	1.7979170678763505
3.7	15	1.8630987391469036
3.7	16	1.9107228118191995
3.7	17	1.9396042877613198
3.7	18	1.9490202017317622
3.7	19	1.938734162810745
3.7	20	1.90900438979952
3.7	21	1.86057493411771
3.7	22	1.7946504249540458
3.7	23	1.7128552994570307
3.7	24	1.6171790708400657
3.7	25	1.5099097161796426
3.7	26	1.3935577125965808
3.7	27	1.270773597879028
3.7	28	1.1442621658377992
3.7	29	1.0166965186805885
3.7	30	0.8906351842083425
3.7	31	0.768445365453424
3.7	32	0.6522351302640046
3.7	33	0.5437969788182377
3.7	34	0.44456476298806813
3.7	35	0.35558539147125273
3.7	36	0.2775061602763291
3.7	37	0.21057792322198188
3.7	38	0.1546736865328926
3.7	39	0.10932160050896281
3.7	40	0.07375075393857161
3.8	0	0.3743700787088722
3.8	1	0.4655738589687018
3.8	2	0.566997311468232
3.8	3	0.677558444988366
3.8	4	0.7957893790444335
3.8	5	0.9198654897093403
3.8	6	1.0476492869743659
3.8	7	1.1767475628015873
3.8	8	1.3045798119909142
3.8	9	1.4284554678006856
3.8	10	1.5456571293775712
3.8	11	1.6535267031502703
3.8	12	1.7495512457446545
3.8	13	1.8314452872354101
3.8	14	1.8972265312158536
3.8	15	1.9452820677786564
3.8	16	1.9744225877473285
3.8	17	1.9839225375980833
3.8	18	1.9735446867524018
3.8	19	1.943548171365937
3.8	20	1.8946797080599531
3.8	21	1.8281483124422444
3.8	22	1.7455844854701519
3.8	23	1.6489854209681198
3.8	24	1.540648316683751
3.8	25	1.4230943183391576
3.8	26	1.2989859736568194
3.8	27	1.1710413077156228
3.8	28	1.0419477431226336
3.8	29	0.914279074124747
3.8	30	0.790418563709596
3.8	31	0.6724909727241634
3.8	32	0.5623059605980314
3.8	33	0.4613148332576332
3.8	34	0.3705820738631112
3.8	35	0.2907724976950872
3.8	36	0.2221542476072409
3.8	37	0.16461721587583844
3.8	38	0.11770586714911731
3.8	39	0.08066486985295611
3.8	40	0.05249544239505965
3.9	0	0.4730222897186751
3.9	1	0.5752140458309879
3.9	2	0.6865378794755453
3.9	3	0.8055182895201465
3.9	4	0.9303231635213655
3.9	5	1.0588077299081227
3.9	6	1.1885717787890726
3.9	7	1.3170281527798469
3.9	8	1.4414800490900792
3.9	9	1.5592043092618368
3.9	10	1.6675376180914094
3.9	11	1.7639623987172677
3.9	12	1.8461891821679886
3.9	13	1.912232347389217
3.9	14	1.9604763674431647
3.9	15	1.9897300498886032
3.9	16	1.9992667105196829
3.9	17	1.988848751955904
3.9	18	1.9587357110959813
3.9	19	1.909675468845191
3.9	20	1.8428789570031492
3.9	21	1.7599793254808773
3.9	22	1.6629771233508797
3.9	23	1.5541735763786808
3.9	24	1.4360944908275428
3.9	25	1.3114076609177414
3.9	26	1.1828368917613374
3.9	27	1.0530758617817564
3.9	28	0.9247050343194066
3.9	29	0.8001146880971912
3.9	30	0.681436876240226
3.9	31	0.5704887541370541
3.9	32	0.46872925245674535
3.9	33	0.3772305317018593
3.9	34	0.2966650603857343
3.9	35	0.22730853401650478
3.9	36	0.16905822148300045
3.9	37	0.12146571429945187
3.9	38	0.08378248680187919
3.9	39	0.05501617434986526
3.9	40	0.03399506175118819
4.0	0	0.5727500169043067
4.0	1	0.6838457076772119
4.0	2	0.8026019305232233
4.0	3	0.9271888130032975
4.0	4	1.055463761645573
4.0	5	1.1850286609899197
4.0	6	1.3132983434883077
4.0	7	1.4375778717100505
4.0	8	1.5551458094421797
4.0	9	1.6633404034031252
4.0	10	1.7596454627244746
4.0	11	1.8417727146505047
4.0	12	1.9077375326129538
4.0	13	1.9559251724939455
4.0	14	1.9851450051843018
4.0	15	1.9946706846937379
4.0	16	1.9842647233614907
4.0	17	1.9541865382139039
4.0	18	1.9051836618894966
4.0	19	1.8384664530065138
4.0	20	1.7556672691070214
4.0	21	1.6587856556240814
4.0	22	1.5501216334413181
4.0	23	1.4321996147364178
4.0	24	1.3076858243696508
4.0	25	1.1793023384991597
4.0	26	1.0497409642756865
4.0	27	0.9215801701453211
4.0	28	0.7972081362473413
4.0	29	0.6787547344022857
4.0	30	0.5680348777680361
4.0	31	0.4665052162605518
4.0	32	0.3752356138953608
4.0	33	0.2948962499105879
4.0	34	0.22576056062465524
4.0	35	0.16772360839525333
4.0	36	0.12033485291098261
4.0	37	0.08284373268823506
4.0	38	0.054255963614205795
4.0	39	0.033398046550259186
4.0	40	0.01898716380190159
